eval_loss: 0.5028087496757507
eval_model_preparation_time: 0.003
eval_accuracy: 0.935
eval_precision: 0.9219512195121952
eval_recall: 0.949748743718593
eval_f1: 0.9356435643564357
eval_runtime: 17.1357
eval_samples_per_second: 23.343
eval_steps_per_second: 23.343
