eval_loss: 0.6057980060577393
eval_model_preparation_time: 0.002
eval_accuracy: 0.7425
eval_precision: 0.7051282051282052
eval_recall: 0.8291457286432161
eval_f1: 0.7621247113163973
eval_runtime: 28.9225
eval_samples_per_second: 13.83
eval_steps_per_second: 13.83
